-1.901563612330903084e+02 5.289119617953614849e+00
-1.103613677874612904e+02 -2.952073984873851487e+01
-1.496194660622870174e+02 -3.047093167627200927e+01
-1.106741813272787738e+02 -8.254872251533205973e-02
-1.373086690331949740e+02 -1.582946718745912484e+01
-1.315310256054971205e+01 -2.206747379766014561e+01
4.528105819991602488e+01 2.969133323220067311e+01
1.601431231891234930e+01 4.512467689952593730e+00
8.794636034899305344e+00 1.130741049325728298e+01
-2.297930720983615629e+02 5.716171637454937837e+00
-1.770300217857327993e+02 4.725080987754144957e+01
-2.080221303045201466e+02 2.118309578320089770e+01
-3.705851979293107235e+01 -2.557138723183602735e+01
-1.362408316353460691e+01 -7.951044921053271430e+00
-7.004616008187088028e+01 -4.582799224184773834e+01
-2.231853115592446457e+01 -9.792093777045010938e+00
1.630722223891070257e+02 8.073513631959643166e-02
6.475011280625251686e+01 -7.276957625325015044e+01
1.287111842274150035e+02 -1.898902809830281058e+01
1.203167529296722478e+02 -3.118208078504025238e+01
8.157003996297893877e+01 3.183397896829504958e+01
-4.707916623297186476e+01 8.556618212235650844e+01
4.229275956750662147e+01 -1.514389799689118021e+01
8.626158526637829027e+01 -6.054158139660285798e+01
9.454527319613603709e+01 3.597757503460596240e+01
9.342665316987454105e+01 -4.425823742927279625e+01
6.212537248842546944e+01 8.022067291206836259e+00
7.343388579757647960e+01 1.328510223510574839e+01
9.231248468988893308e+01 4.586434428573498145e+00
-1.140376647161186163e+01 -7.290567122579832926e+01
-7.848850439273125978e+00 -5.577877164098494234e+01
6.738619178080583083e+01 5.131548214804052543e-01
4.916479955141562996e+00 -4.572619847371650792e+01
9.944014029499176388e+01 1.126581146961475639e+02
1.725695823076461366e+01 5.691552606021593164e+01
4.071391900760924898e+01 -2.058221486573372871e+01
8.483666343435301371e+01 1.009950893700822405e+01
4.909593177002356157e+01 6.685158896865914357e+01
4.687012714774790645e+00 -2.627105472689826726e+01
4.629838856169637751e+01 4.583565353056853198e+00
9.326042720922072249e+01 -2.371967987096340735e+01
8.410286192801748939e+01 -1.466440758629369689e+01
5.951260743083037141e+01 2.940457682585398658e+01
8.307289714914671208e+01 4.676694114321745843e+01
1.041546835539352003e+02 -6.336444461867971611e+00
-1.714071305540354828e+01 -4.103511942000375257e+01
8.839598231715062582e+01 5.981492775978296805e+01
1.510370248550624694e+02 5.176509573222636362e+01
5.574995649326994140e+01 -5.493992572580277312e+01
4.083942573746928417e+01 -5.127502649403110269e+01
1.371118826100754973e+02 -1.275429210578550299e-01
5.800972940275072887e+01 6.229724499404803773e+00
4.371102739417519700e+01 -4.665628590546751830e+00
-6.507454719618664285e+01 -1.308566044655061660e+02
6.520470072511401760e+00 -2.213879039349441769e+01
4.004217616423560600e+01 3.018726893397456035e+00
9.765040639671599365e+01 3.319451353810894290e+01
5.559131836265036242e+01 -2.223825604466771821e+01
1.340163924574732413e+01 -5.339812017504204533e+01
-2.494292301412782020e+00 -6.826434495656793899e+01
8.859276454714006377e+01 -1.780244688032337663e+01
-5.931324702145582606e+00 -5.757275330684862524e+01
-1.206514999333001725e+01 -4.429440555686655756e+01
8.295207881909151126e+01 4.259129680800968742e+01
1.080179719724032168e+02 -3.435194229554723222e+01
5.967558212089210556e+00 -9.131820425603707747e+01
4.260669095027432718e+01 -6.382148127840270035e+01
1.346073891083553065e+02 1.087627595185021079e+01
4.640749367421364724e+01 -5.478429557521180726e+01
1.467993313887133695e+02 2.559195021828626793e+01
2.586328616130841951e+01 -7.069044584056122460e+01
1.081258106646071013e+02 -9.241930551357420143e+00
-2.535762491874324098e+01 -8.897173289368200244e+01
7.606987321254732137e+01 -1.188658466206868702e+01
1.315005075398155441e+02 -3.403503586547493853e+01
1.915153405600248107e+02 4.180078534924844291e+01
3.765583243395643365e+01 -8.583757504718754205e+00
4.537713127013874725e+01 3.915257999319714077e+00
1.415910244489930108e+02 -2.957664523098589626e+01
7.082001068952990863e+01 2.821968556785725468e+01
2.040211829473663840e+01 3.420773698680898089e+00
-7.964761880683179918e+00 -1.789737645710073366e+01
-4.706240943494998419e+01 -5.715409264773847298e+01
-3.108563553997444373e+01 3.229924981929412553e+01
-2.263427164201750585e+01 6.843474255415493701e+01
1.990716728925788459e+01 1.006045473799120344e+02
-3.169495349642422255e+01 1.029692245374714474e+02
4.492810493038172126e+01 1.534556029822611078e+00
4.516793843841254841e+01 -1.128649029396591708e+01
1.442368497852129963e+02 7.766651318371727086e+01
-1.184258812517261816e+02 7.981190304259968116e+01
-6.145789879297949909e+01 8.984639169150608495e+01
-6.075837543255789086e+01 9.519217337054180916e+01
-9.458475975250165391e+01 4.852955786527835613e+01
-1.161483083734504191e+02 3.231233663202300477e+01
-4.308117486258082351e+01 7.462260058300607568e+01
-8.342676532542267864e+01 4.488209272281001461e+01
-1.007923687961296793e+02 -1.448193322853309084e+01
-9.877158386441632842e+01 -1.445095361963153735e+01
-9.861790307265371780e+01 -1.402826740700326269e+01
-5.858730343685389386e+01 1.441170844938600126e+01
-1.191300480887845623e+02 -3.184686930213590372e+01
-7.404074612532800082e+00 5.308001064950810388e+01
-9.576989608896958828e+01 -1.149166880599491236e+01
-5.353692319497150010e+01 1.988868055379873923e+01
-1.308638972596500594e+02 7.262174779900289145e+00
-1.074202865146616261e+02 2.519040036458073217e+01
-2.445033391519939769e+01 5.393430474671935571e+01
-7.064382024495812118e+01 2.191386249917815121e+01
-6.391395404183332829e+01 2.437560222966468260e+01
